(1,2,31)*
(0,2,3,42)*
(0,1,3,4)*
(1,2,4,5,6,42)*
(2,3,5,8)*
(4,3,6,8)*
(5,3,42,7)*
(42,6,13)*
(4,5,9)*
(8,10,11)*
(9,11,12)*
(9,10,12,19)*
(10,11)*
(7,14,15)*
(13,15,17,16)*
(13,14,25,16)*
(14,15,17,18,25)*
(14,16,18,19)*
(16,17,19,20,25,26)*
(11,17,18,20,21,22)*
(19,21,26,18)*
(19,20,22,24,23,26)*
(21,23,19)*
(22,21,24)*
(21,23)*
(15,16,18,26,27,28)*
(20,21,36,27,25,18)*
(25,26,28,35,36)*
(25,27,35,29)*
(28,35,33,32,30)*
(29,32,31)*
(30,32,33,34,0)*
(29,30,31,33)*
(29,32,34,35,31)*
(31,33)*
(27,36,37,33,28,29)*
(26,27,35,37)*
(35,36,38)*
(37,39,40)*
(38,40,41)*
(38,39,41)*
(39,40)*
(1,3,7,6)

